8 5 1
in: 157 9596 4714 376 2.58 407 564 510354
in: 155 9487 5049 381 2.28 411 567 504718
in: 154 9551 5070 374 2.98 406 563 456972
in: 154 9637 5087 382 2.57 408 565 512311
in: 152 9486 5065 380 3.04 408 567 489312
in: 153 9633 5319 377 2.72 408 565 495420
in: 151 9637 4987 379 3.07 408 563 474552
in: 156 9668 5009 387 2.59 410 570 470842
in: 154 9482 5017 381 2.97 407 565 421062
in: 155 9516 5205 388 2.19 412 574 522021
in: 152 9628 4771 383 3.02 405 563 426581
in: 153 9512 5093 389 2.2 410 568 509713
in: 152 9586 4942 382 2.87 405 565 440815
in: 155 9429 4838 390 1.85 413 569 524621
in: 152 9888 4877 384 2.3 410 563 515205
in: 155 9873 4810 386 2.02 413 568 550595
in: 150 9957 4822 381 2.85 406 563 484103
in: 156 9652 4882 387 2.36 414 569 522328
in: 154 9836 4617 381 2.98 411 566 491599
in: 152 9710 4788 380 2.93 409 565 526915
in: 155 9336 4472 383 2.89 411 567 508672
in: 155 9451 4756 381 2.71 411 569 493589
in: 153 9325 4539 386 2.96 410 566 524036
in: 152 9452 4649 383 2.94 409 565 438412
in: 150 9778 4986 381 2.92 406 563 468385
in: 151 9793 4975 380 2.89 406 564 456064
in: 152 9677 4977 387 2.43 409 566 511060
in: 152 9739 4895 380 2.78 408 565 447508
in: 151 9728 4824 382 2.84 408 564 473712
in: 152 9691 4663 383 2.97 410 566 477995
in: 152 9914 4789 380 2.73 408 564 447144
in: 154 9870 5045 383 2.57 411 568 491580
in: 155 9927 4953 384 2.85 413 571 510992
in: 153 9908 5000 384 2.94 411 569 512794
in: 149 9943 5233 381 2.91 406 563 495965
in: 150 9807 5258 378 2.99 407 563 471592
in: 154 10211 5258 380 2.56 407 572 474487
in: 153 9957 4688 379 2.87 405 564 430232
in: 151 10073 4850 380 3 401 562 421869
in: 154 10063 5028 376 2.85 405 569 439464
in: 151 10146 5221 381 2.03 405 564 502083
in: 154 9910 4961 381 2.64 404 563 476764
in: 148 9966 5600 373 3.06 392 558 443955
in: 155 9549 5385 377 2.47 400 565 505913
in: 149 9978 7809 370 1.86 395 563 649442
in: 145 9746 6868 376 1.9 396 562 557851
in: 142 9620 6984 376 2.15 396 564 572242
in: 143 9628 7125 380 2.12 395 560 654240
in: 145 9659 7078 377 2.23 400 565 634647
in: 144 9805 7202 378 1.97 396 563 663116
in: 147 9557 7008 378 1.94 404 564 619637
in: 147 9647 6994 379 1.85 404 564 644845
in: 147 9415 6700 379 1.83 404 565 611236
in: 148 9388 7387 376 1.69 405 564 683235
in: 148 9545 7082 374 1.86 405 562 598951
in: 146 9606 7013 376 1.8 403 563 662400
in: 149 9547 6697 376 1.83 407 563 626245
in: 144 9504 6126 381 1.87 401 559 621051
in: 149 9625 6324 379 1.91 407 563 617893
in: 147 9616 6165 380 1.83 405 563 599292
in: 150 9576 6196 380 1.85 408 565 599371
in: 137 9677 6364 377 1.78 393 554 641902
in: 141 9858 7597 373 1.73 394 561 666013
in: 147 9766 6536 376 1.69 401 562 579424
in: 146 9768 6595 379 1.76 400 563 589871
in: 146 9518 6623 375 1.74 401 563 569214
in: 145 9769 6857 376 1.77 399 565 606231
in: 147 9583 6692 373 1.77 402 563 587871
in: 144 9616 6763 375 1.67 397 563 616520
in: 142 9560 6762 372 1.76 398 562 573663
in: 142 9710 6945 374 1.79 396 562 596343
in: 141 9561 6793 374 1.84 396 560 566924
in: 142 9666 6828 374 1.76 395 561 596178
in: 144 9590 6682 374 1.81 398 562 589518
in: 145 9542 6670 374 1.68 398 562 631865
in: 144 9577 6683 373 1.74 400 563 564024
in: 145 9494 6927 373 1.75 401 561 634826
in: 147 9375 6594 374 1.7 403 565 592892
in: 147 9538 6509 374 1.71 402 564 597395
in: 145 9485 6400 374 1.77 400 561 574966
in: 144 9543 6663 374 1.68 400 562 610112
in: 142 9410 6596 375 1.76 398 560 590367
in: 144 9541 6721 374 1.77 400 562 587762
in: 137 9415 6667 373 1.84 392 551 551945
in: 142 9244 6892 373 1.67 395 561 602791
in: 145 9162 6773 373 1.8 399 560 559580
in: 143 9079 6811 374 1.78 398 561 569416
in: 146 9101 6745 375 1.82 399 560 592637
in: 146 9278 6875 375 1.87 399 563 618905
in: 146 9344 6933 375 1.84 398 562 634371
in: 152 9250 6763 377 1.89 403 566 614605
in: 144 9228 6818 376 1.8 395 561 628316
in: 144 9396 6682 375 1.91 397 562 609158
in: 144 9535 6863 373 1.85 394 560 635744
in: 145 9510 6895 374 1.94 395 561 624588
in: 143 9619 6836 376 2.26 396 560 605164
in: 141 9463 7104 374 1.92 394 560 634747
in: 147 9575 6955 376 2.02 401 565 650400
in: 147 9596 6790 372 2.03 397 564 583574
in: 149 9626 6989 375 2.05 397 564 630825
in: 144 9633 6671 377 1.87 395 565 596329
in: 142 9408 6783 376 1.9 393 563 581677
in: 147 9883 6737 376 1.87 396 567 565803
in: 154 10009 6769 375 1.96 404 573 556875
in: 156 9753 6535 376 1.9 408 576 581021
in: 145 9924 6703 373 1.96 395 563 538269
in: 145 10018 6647 376 1.8 398 569 566942
in: 147 9962 6409 376 1.85 402 570 546577
in: 145 9936 6581 379 1.76 400 570 626417
in: 147 9960 6545 376 1.76 401 571 573635
in: 148 9971 6603 379 1.77 401 572 608496
in: 149 10081 6506 377 1.87 403 574 571357
in: 147 9751 6833 378 1.68 403 575 620174
in: 144 9904 6632 375 1.79 397 568 550677
in: 148 10008 6622 376 1.92 402 573 554418
in: 145 10070 6762 377 1.82 399 575 574874
in: 150 10020 6638 378 1.89 404 577 532037
in: 147 10029 6655 377 1.88 400 574 543685
in: 149 10003 6571 375 1.94 401 573 522276
in: 150 9993 6502 376 1.87 404 577 536575
in: 147 10092 6503 375 1.9 400 569 527752
in: 149 10038 6068 379 1.85 403 573 532899
in: 152 10255 5889 379 1.95 404 570 513691
in: 153 10248 6018 381 1.94 406 574 530751
in: 152 10314 6257 379 1.95 404 572 536424
in: 150 10317 6280 381 1.89 404 582 555191
in: 149 10305 6279 379 1.96 403 573 504650
in: 150 10287 6278 380 1.89 405 588 532391
in: 156 10113 6296 381 1.83 409 575 547064
in: 150 10456 5896 378 2.21 406 572 520278
in: 149 10802 5902 377 2.3 398 567 472533
in: 146 9502 6080 372 1.46 399 570 523875
in: 149 10583 5415 380 2 405 567 516101
in: 149 10584 5316 382 1.86 405 568 526927
in: 151 10665 5117 381 2.01 407 570 518985
in: 154 10638 5137 385 2.32 409 571 521784
in: 155 10730 5105 381 3 409 572 482819
in: 150 10821 5191 379 2.96 403 566 442823
in: 160 10448 5381 385 2.47 415 579 466446
in: 152 10657 5782 385 2.38 407 573 514692
in: 151 10705 5515 380 2.69 404 571 457048
in: 157 10793 5958 384 1.92 412 577 545965
in: 158 10804 5782 382 2.52 413 576 483714
in: 162 10886 6088 381 2.29 410 577 489375
in: 156 10884 7096 371 2.65 405 570 511422
in: 136 11232 7755 375 1.97 385 556 662340
in: 147 10837 6814 379 1.93 401 573 581926
in: 149 10946 6609 378 1.86 395 571 514168
in: 146 10750 6754 378 1.9 398 572 551373
in: 147 10726 7007 377 1.91 397 571 586225
in: 148 10831 6484 378 1.97 398 571 515336
in: 147 10782 6521 386 1.82 405 579 603074
in: 146 11097 6368 382 2.1 403 572 578394
in: 148 11046 6662 385 1.89 405 573 661374
in: 148 10956 6276 384 2.24 407 573 632118
in: 144 11255 6286 385 2.04 403 568 650223
in: 145 11122 6202 385 1.9 404 571 650123
in: 149 11094 5604 384 2.04 408 571 549458
in: 144 11226 6014 378 2.62 402 567 519950
in: 147 11253 5875 385 2.01 404 573 523827
in: 144 10981 6460 372 1.98 385 558 445077
in: 149 11234 6394 376 2.17 392 566 492896
in: 159 10902 6072 380 2.04 404 576 483281
in: 160 10862 6062 379 2.04 405 580 482487
in: 153 10835 6141 378 1.92 400 571 531234
in: 152 10792 6109 379 1.92 398 569 527355
in: 150 10952 6438 378 1.86 397 572 552486
in: 156 10687 6237 378 1.9 402 576 534539
in: 151 10829 6229 379 1.89 397 572 550519
in: 149 10734 6556 378 1.82 395 567 565477
in: 149 10901 6841 376 2 396 571 551289
in: 152 10436 6209 383 1.96 398 566 521898
in: 153 10724 6298 378 2 400 570 501760
in: 152 10301 5979 380 1.93 400 573 488747
in: 148 10554 6076 379 2.01 394 565 523490
in: 149 10641 6692 377 1.96 397 565 556228
in: 152 10531 6536 378 1.9 397 567 542835
in: 151 10566 6572 377 1.99 397 567 539402
in: 152 10706 6871 377 1.92 396 567 548937
in: 148 10515 6329 378 2.01 397 568 522763
in: 151 10853 6873 377 1.99 394 566 537231
in: 153 10620 6455 378 2.18 397 565 513004
in: 156 10539 6572 380 2.04 398 567 518591
in: 151 10568 6510 379 2.16 396 567 521437
in: 155 10767 6661 380 2.11 397 568 524507
in: 153 10862 6449 381 2.35 397 566 521783
in: 155 10554 6462 382 2.06 398 568 525915
in: 153 10583 6511 382 2.12 400 568 553069
in: 154 10535 6554 385 2.11 401 566 566039
in: 153 10460 6479 383 2.32 400 570 534597
in: 156 10571 5897 386 2.35 408 575 524557
in: 154 10370 6519 386 2.05 404 571 569023
in: 151 10697 6583 383 2.38 397 564 546361
in: 152 10687 6663 384 2.12 399 564 560831
in: 151 10653 6438 383 2.33 397 565 536339
in: 154 10681 6407 382 2.08 399 565 524172
in: 152 10674 6463 382 2.42 397 565 537954
in: 151 10916 6624 382 2.36 396 562 559481
in: 154 10519 6419 383 2.17 399 564 527590
in: 157 10780 6344 385 2.14 405 572 576033
in: 158 10780 6359 383 2.32 405 570 556457
in: 163 10405 6084 389 1.96 412 576 601237
in: 156 10538 6198 384 2.07 406 574 580112
in: 158 10503 6164 387 2.04 405 572 587034
in: 159 10537 6181 386 2.09 406 573 575080
in: 160 10513 6051 388 2.06 407 575 590538
in: 156 10744 6294 385 2.22 403 570 573665
in: 154 10794 6226 387 2.1 404 572 600707
in: 149 10843 6395 380 2.82 392 561 523410
in: 155 10895 6448 386 2.1 402 572 589483
in: 155 10567 5884 384 3.09 401 570 496916
in: 154 10739 6040 384 3.22 399 565 505860
in: 150 11032 6130 381 3.23 393 563 486380
in: 157 10819 6351 379 1.94 390 570 497947
in: 154 10639 6784 378 1.94 392 573 544239
in: 157 10712 6964 377 1.89 392 571 569690
in: 149 10684 6915 377 1.93 389 568 561221
in: 151 10786 6742 378 1.89 389 572 566505
in: 147 10850 6686 382 2.11 394 571 604602
in: 147 10903 6501 384 2.06 395 572 602956
in: 150 10966 6164 384 2.65 397 566 550305
in: 151 10816 6043 388 2.53 396 572 569707
in: 159 10928 6231 383 2.57 405 574 556604
in: 153 10973 6688 379 1.98 394 572 561665
in: 151 11009 6346 381 2.12 397 573 561724
in: 153 10971 6416 383 2.06 402 575 586253
in: 151 10915 6406 382 2.12 398 572 579546
in: 154 10552 6274 383 2.06 404 574 563207
in: 148 10388 6883 378 2.27 399 572 609709
in: 148 10844 6440 382 2.15 397 571 571010
in: 152 10265 6342 389 2.07 409 573 650170
in: 149 10550 6396 385 2.25 406 574 622437
in: 147 10545 6404 388 2.14 404 572 665333
in: 149 10433 6232 385 2.6 406 572 608629
in: 147 10619 6578 386 2.11 403 571 664231
in: 148 10635 6499 384 2.29 404 572 629363
in: 145 10418 6581 384 2 401 572 658139
in: 143 10449 6703 383 2.08 400 571 657804
in: 139 10901 6751 378 2.03 395 565 630754
in: 136 10944 6508 380 2.09 392 563 673099
in: 139 10837 6371 378 1.98 396 564 611200
in: 140 10772 6725 380 2.13 396 567 629734
in: 137 10841 6982 378 2.23 393 566 648482
in: 143 10665 7147 380 2.08 400 571 676616
in: 137 10830 6755 378 2.19 393 565 644713
in: 139 10787 6674 381 2.08 396 566 664041
in: 138 10838 6562 379 2.13 395 564 655974
in: 139 10725 6680 381 2.01 397 565 690864
in: 140 10952 6884 381 2.09 397 567 704458
in: 133 10212 7029 376 2.01 390 557 671453
in: 138 10311 5899 381 2.11 395 567 613494
in: 139 10430 6438 379 2.12 396 564 654029
in: 144 10340 6623 381 2.14 401 571 676351
in: 145 10482 6642 379 2.07 401 570 695000
in: 141 10835 6657 378 2.06 398 569 666254
in: 145 10346 6605 378 1.89 402 573 684433
in: 143 10574 6857 378 1.96 400 571 693429
in: 143 10657 7226 379 1.97 401 576 738507
in: 139 10721 7691 377 1.98 397 571 767592
in: 141 10643 7430 380 1.97 398 571 784814
in: 137 10735 7634 377 1.99 395 570 769061
in: 142 10712 6695 380 2.07 399 569 700747
in: 143 10701 6723 379 2.01 400 573 671642
in: 143 10742 6675 381 2.02 400 572 699929
in: 147 10109 6381 381 1.92 405 574 654909
in: 141 10319 6423 374 1.77 397 567 592629
in: 141 10676 6487 376 1.84 398 573 635448
in: 141 10376 6423 378 1.8 399 569 660347
in: 143 10431 6371 379 1.82 401 571 679799
in: 144 10273 6226 379 1.83 402 569 667428
in: 143 10286 6386 380 1.89 401 567 697258
in: 142 10251 6425 379 1.9 400 564 667329
in: 146 10293 6495 381 1.88 404 572 704454
in: 144 10488 6683 380 1.87 402 571 694948
in: 143 10385 6583 381 1.87 401 569 707227
in: 142 10481 6332 381 1.85 400 568 705534
in: 142 10416 6433 379 1.86 400 565 673037
in: 142 10323 6342 381 1.9 400 566 712974
in: 142 10063 6067 380 1.99 400 562 685957
in: 138 10322 6891 381 1.99 396 561 729430
in: 140 10360 7094 380 2.1 398 566 751902
in: 136 10405 7721 380 1.97 394 564 816958
in: 137 10414 7087 379 2.09 395 562 746543
in: 134 10391 6950 381 2.06 391 562 731479
in: 139 10393 6615 382 2.39 397 563 680434
in: 137 10421 6805 381 2.13 393 563 678534
in: 140 10446 6552 380 2.1 395 565 640524
in: 143 10364 6700 379 2.03 400 568 642204
in: 145 10409 6671 382 2.03 402 575 673271
in: 146 10425 6563 382 2.17 404 570 640351
in: 144 10251 6893 380 1.92 401 575 686920
in: 146 10121 6862 379 1.89 404 576 697381
in: 148 10299 6532 383 2 406 575 678106
in: 147 10478 6661 383 2.07 405 576 676806
in: 146 10484 6672 382 2.01 403 574 682653
in: 146 10501 6706 383 2.06 404 573 686008
in: 146 10451 6808 384 1.93 403 575 686761
in: 147 10312 6616 384 1.96 404 576 672014
in: 150 10261 6564 383 2 406 577 641357
in: 149 10281 6590 382 2.03 405 574 641483
in: 145 10371 6687 382 2.08 402 575 643324
in: 146 10408 6691 382 2.01 402 575 655242
in: 149 10315 6553 382 2.02 405 575 644898
in: 152 10242 6854 384 2.04 409 581 665446
in: 148 10119 6851 382 1.95 405 576 667581
in: 151 10009 6856 384 1.95 408 576 705218
in: 148 10022 7069 383 1.9 405 576 732525
in: 149 10085 6594 384 1.93 407 577 694182
in: 146 10595 6663 383 2.04 404 573 712857
in: 146 10576 6664 383 2 404 573 710643
in: 146 10272 6542 378 2.07 404 574 682581
in: 143 10569 6931 380 1.93 400 572 694937
in: 143 10609 7068 382 2.22 400 573 672173
in: 146 10571 6618 383 1.96 403 576 710099
in: 146 10354 6389 385 1.96 405 571 710204
in: 144 10520 6666 383 1.91 402 572 720046
in: 146 9699 6209 376 1.72 404 574 639499
in: 133 10745 6478 372 1.72 392 558 727421
in: 145 10764 6222 381 2.08 402 573 644462
in: 138 10691 6553 378 1.79 395 565 690828
in: 141 10658 6467 379 1.9 398 566 686095
in: 148 10555 6151 383 2.01 404 575 658686
in: 146 10565 5823 382 1.99 403 571 633938
in: 145 10450 6352 383 2 401 571 671344
in: 144 10457 6244 385 2.02 400 571 651344
in: 142 10007 6709 379 1.79 399 572 713224
in: 140 10485 6666 381 1.92 396 568 686282
in: 138 10420 6545 381 1.92 395 566 661232
in: 143 10557 6758 380 1.96 399 565 689200
in: 137 10704 6396 381 2.12 393 561 644867
in: 138 10701 6530 381 2.06 394 563 656015
in: 143 9475 6405 379 1.9 402 563 638496
in: 140 10043 6796 380 1.93 397 567 701678
in: 140 10264 6489 381 2.09 397 566 665299
in: 141 10107 6752 381 1.91 398 568 699757
in: 137 10576 6576 379 2.05 394 559 666091
in: 138 10562 6408 380 2.13 396 563 656019
in: 142 10525 6569 380 2 399 567 674585
in: 143 9733 5736 379 1.82 402 562 606729
in: 142 9958 6186 381 2.03 400 565 668203
in: 143 10447 6356 381 2.1 399 568 673161
in: 145 10455 6137 381 2.27 402 570 653325
in: 143 10326 6371 382 2.15 399 566 679053
in: 150 10041 6373 381 2.13 407 573 676766
in: 148 10108 6427 382 2.09 404 571 686769
in: 155 9868 6409 380 2.02 412 577 714041
in: 143 10089 6494 380 2 399 568 713743
in: 142 10111 5948 382 2.12 398 564 656045
in: 143 10188 6332 381 2.03 399 567 678033
in: 143 10096 5991 381 2.09 400 564 655965
in: 142 10330 6216 381 2.11 398 567 664612
in: 141 10218 6316 380 2.15 398 564 636470
in: 141 10150 6404 380 2.06 398 568 661806
in: 143 10103 6317 379 2.12 400 567 636127
in: 146 9633 5867 383 1.97 405 564 688733
in: 144 9913 5928 380 2.07 402 563 659269
in: 145 9949 5735 383 2.11 404 564 696455
in: 147 9988 5620 384 2.2 406 564 671229
in: 146 9917 5695 384 2.15 405 564 700459
in: 147 9953 5492 386 2.58 406 563 687509
in: 149 9923 5720 387 2.17 408 567 744333
in: 144 9921 5404 384 2.26 403 563 666208
in: 146 9954 5635 385 2.22 405 564 670818
in: 142 9740 5337 384 2.57 401 561 625694
in: 147 9865 5654 385 2.57 406 564 637704
in: 147 9837 5365 384 2.58 406 564 608056
in: 145 9995 5623 385 2.63 405 562 678213
in: 147 9850 5441 384 2.57 406 564 618718
in: 146 9848 5422 384 2.18 405 564 671709
in: 150 9825 5026 388 2.49 415 562 674943
in: 147 9668 5601 387 2.19 407 562 745809
in: 147 9735 5507 384 2.29 406 563 680467
in: 146 9709 5613 386 2.18 405 563 740615
in: 144 9860 5500 385 2.47 403 561 695846
in: 147 9756 5650 386 2.16 406 566 732681
in: 150 9528 5377 387 2.59 409 564 689818
in: 146 9581 5597 388 2.15 405 562 719739
in: 146 9634 5423 386 2.05 405 562 697119
in: 148 9588 5237 387 2.59 409 561 692788
in: 148 9656 5296 387 2.08 408 563 701720
in: 149 9720 5236 385 2.17 408 562 674615
in: 146 9817 5457 387 2.08 405 563 706595
in: 145 9771 5263 385 2.08 404 560 637784
in: 146 9634 5480 385 2.3 405 557 619143
in: 145 9747 5595 385 2.24 405 562 693278
in: 145 9695 5619 386 2.14 404 561 698401
in: 155 9683 5383 386 2.55 405 560 652196
in: 144 9726 5542 387 2.21 403 557 697085
in: 148 9657 5478 384 2.54 407 562 689532
in: 145 9665 5625 386 2.46 404 560 691960
in: 144 9764 5519 385 2.57 403 558 659386
in: 145 9813 5423 386 2.49 404 562 657026
in: 148 10001 5398 388 2.62 410 563 687089
in: 147 9880 5662 388 2.58 407 562 696518
in: 145 9853 5480 387 2.56 404 560 655516
in: 148 9905 5552 387 2.1 407 563 689660
in: 146 9766 5430 386 2.59 405 561 658516
in: 145 9860 5494 388 2.17 404 562 692012
in: 142 9844 5532 387 2.58 401 558 671519
in: 145 9866 5602 387 2.21 404 562 662285
in: 144 9737 5503 386 2.58 403 558 634700
in: 145 10082 5576 389 2.23 404 562 686384
in: 147 10148 5531 390 2.58 407 565 659701
in: 148 10299 5440 391 2.62 408 566 681147
in: 142 10175 5503 388 2.57 402 565 660468
in: 153 10215 5983 391 2.45 412 571 709938
in: 143 10260 6041 393 2.61 403 567 695099
in: 152 9789 5804 395 2.14 412 568 729781
in: 149 9754 5238 395 2.72 409 568 651968
in: 146 9734 5427 396 2.2 406 568 678401
in: 154 9427 5398 397 2.58 416 572 673127
in: 147 9575 5444 396 2.2 407 566 671793
in: 147 9909 5422 395 2.1 406 567 680577
in: 149 10016 5418 393 2.21 409 574 666403
in: 143 10104 5398 393 2.12 403 563 677164
in: 147 10055 5263 394 2.57 407 565 659816
in: 142 10164 5459 394 2.41 401 562 657402
in: 144 10164 5441 395 2.58 404 566 668653
in: 143 10264 5468 395 2.19 402 567 670152
in: 148 9907 5247 398 2.55 408 570 628369
in: 137 10273 5464 391 3.25 396 558 602003
in: 137 10098 5645 389 3.27 395 562 600731
in: 143 10110 5543 394 2.67 402 566 631159
in: 143 9787 5684 393 2.12 401 565 639241
in: 142 10195 5534 393 2.13 401 565 636914
in: 139 10189 5491 392 2.58 398 558 649914
in: 144 10098 5363 395 2.51 403 562 673814
in: 145 9828 5435 391 2.4 403 566 618181
in: 141 10033 5959 393 2.6 400 563 626330
in: 139 10031 5574 391 2.43 397 563 570846
in: 139 9963 5471 390 2.53 398 558 548267
in: 155 10060 5350 392 2.05 413 578 582090
in: 149 9974 5514 392 2.48 408 566 579934
in: 145 10001 5491 394 2.42 403 567 585133
in: 147 9365 5572 390 2.55 404 570 569381
in: 152 9690 5450 395 1.87 411 566 564961
in: 144 9793 5681 386 2.53 403 563 576749
in: 148 8995 5651 388 2.55 406 560 625439
in: 145 9014 5611 388 2.54 404 563 582622
in: 145 8946 5712 388 2.59 403 557 607854
in: 149 9019 5925 387 2.59 407 568 559445
in: 155 8978 6025 392 2.59 414 575 664085
in: 147 8990 5815 391 2.61 402 565 599161
in: 147 9349 5977 388 2.57 402 570 577016
in: 148 8916 6082 387 2.61 404 572 542630
in: 148 9124 5861 388 2.59 404 568 619350
in: 152 8926 6103 390 2.59 408 575 630756
in: 152 8749 5552 391 2.81 408 573 618408
in: 146 8809 5689 388 3.04 402 564 626545
in: 150 8820 5637 390 2.74 406 571 628673
in: 151 8931 5574 386 2.76 402 567 589620
in: 148 8830 5679 386 3.12 402 566 587219
in: 152 9089 5748 386 2.57 402 570 574045
in: 153 9050 5494 388 2.17 404 572 619339
in: 154 9064 5638 386 2.34 404 571 603585
in: 153 9167 5755 385 2.26 399 567 576941
in: 149 9146 5591 389 3.17 403 570 622328
in: 148 9006 5431 387 3.12 399 565 590049
in: 159 8949 5533 390 2.34 404 569 592044
in: 161 8998 5140 389 2.96 406 572 519306
in: 155 9109 5133 390 2.64 400 568 558757
in: 159 8676 5188 390 3.34 409 576 562491
in: 153 8818 5071 381 3.3 396 564 507944
in: 147 8701 5035 382 3.08 404 566 557286
in: 157 8145 5115 389 2.35 413 576 580131
in: 158 8139 5248 388 2.3 414 576 575053
in: 150 9339 6320 376 2.28 404 571 598304
in: 149 8961 6191 377 2.27 404 566 562126
in: 151 9051 6235 376 2.35 405 572 553503
in: 152 9000 6296 376 2.31 406 574 561737
in: 153 9004 6237 376 2.33 407 574 552218
in: 153 9313 6048 378 3.04 406 575 506776
in: 159 9239 5876 382 3.33 417 578 542984
in: 154 8380 6623 378 2.22 409 573 534676
in: 151 9271 7650 374 2.49 406 577 534451
in: 157 8555 5711 380 2.29 411 577 532251
in: 149 9678 7407 377 3.01 404 575 512733
in: 150 10008 8236 377 2.24 406 579 584828
in: 153 9360 7563 378 2.29 408 578 532908
in: 153 9436 6640 384 3.3 410 573 535237
in: 152 9828 6944 380 3.34 405 575 482004
in: 156 10184 6878 377 2.89 401 574 471643
in: 155 10161 6781 378 2.34 399 575 485891
in: 171 9431 6080 383 2.03 417 592 464236
in: 160 9200 6271 384 2.04 415 587 493526
in: 159 9207 6302 384 2.09 415 581 490972
in: 156 9296 6540 382 2.11 412 578 503316
in: 140 10141 6470 376 2.68 396 561 452661
in: 140 10318 6749 378 2.76 394 565 511390
in: 146 10575 6665 380 3.08 400 572 468670
in: 146 10603 6907 385 2.27 400 573 534159
in: 145 10307 6868 383 2.52 400 576 520671
in: 146 10745 7138 380 2.98 399 574 465033
in: 148 11036 7099 384 3.23 403 580 502424
in: 154 11092 6945 388 3.27 410 587 491275
in: 159 10081 7038 386 2.48 414 584 512259
in: 153 10102 7201 384 2.79 406 579 503718
in: 164 9827 7252 386 2.08 420 589 537719
out: 514
out: 516
out: 512
out: 516
out: 515
out: 513
out: 512
out: 517
out: 515
out: 518
out: 512
out: 509
out: 513
out: 508
out: 513
out: 507
out: 512
out: 517
out: 514
out: 514
out: 518
out: 517
out: 517
out: 515
out: 511
out: 511
out: 516
out: 515
out: 514
out: 515
out: 513
out: 517
out: 519
out: 520
out: 513
out: 509
out: 515
out: 511
out: 509
out: 511
out: 504
out: 512
out: 505
out: 507
out: 501
out: 500
out: 505
out: 502
out: 508
out: 502
out: 504
out: 503
out: 504
out: 501
out: 500
out: 499
out: 500
out: 498
out: 501
out: 499
out: 503
out: 489
out: 494
out: 500
out: 498
out: 499
out: 499
out: 498
out: 497
out: 497
out: 495
out: 496
out: 495
out: 498
out: 498
out: 498
out: 498
out: 498
out: 497
out: 496
out: 496
out: 499
out: 498
out: 490
out: 495
out: 497
out: 500
out: 501
out: 504
out: 503
out: 508
out: 501
out: 502
out: 497
out: 500
out: 507
out: 497
out: 507
out: 504
out: 506
out: 503
out: 503
out: 504
out: 507
out: 509
out: 499
out: 502
out: 506
out: 506
out: 505
out: 506
out: 508
out: 508
out: 503
out: 510
out: 505
out: 511
out: 508
out: 509
out: 510
out: 507
out: 507
out: 507
out: 510
out: 508
out: 507
out: 509
out: 508
out: 512
out: 507
out: 504
out: 500
out: 500
out: 502
out: 504
out: 512
out: 515
out: 510
out: 523
out: 517
out: 513
out: 513
out: 523
out: 516
out: 517
out: 488
out: 506
out: 501
out: 507
out: 506
out: 504
out: 508
out: 506
out: 508
out: 510
out: 503
out: 504
out: 506
out: 510
out: 505
out: 487
out: 500
out: 510
out: 511
out: 507
out: 504
out: 506
out: 507
out: 504
out: 501
out: 503
out: 503
out: 507
out: 506
out: 498
out: 507
out: 503
out: 502
out: 501
out: 503
out: 500
out: 505
out: 506
out: 505
out: 505
out: 506
out: 506
out: 508
out: 509
out: 510
out: 517
out: 511
out: 506
out: 505
out: 505
out: 504
out: 508
out: 503
out: 505
out: 511
out: 513
out: 517
out: 513
out: 511
out: 512
out: 513
out: 509
out: 510
out: 509
out: 508
out: 515
out: 513
out: 509
out: 504
out: 507
out: 506
out: 503
out: 502
out: 502
out: 503
out: 509
out: 511
out: 517
out: 504
out: 506
out: 508
out: 506
out: 510
out: 506
out: 505
out: 514
out: 511
out: 509
out: 515
out: 507
out: 509
out: 506
out: 504
out: 494
out: 490
out: 494
out: 499
out: 499
out: 502
out: 495
out: 497
out: 496
out: 496
out: 496
out: 491
out: 493
out: 494
out: 504
out: 501
out: 499
out: 503
out: 499
out: 503
out: 498
out: 500
out: 497
out: 499
out: 499
out: 500
out: 505
out: 496
out: 496
out: 497
out: 499
out: 499
out: 497
out: 496
out: 503
out: 501
out: 500
out: 497
out: 496
out: 497
out: 497
out: 494
out: 496
out: 494
out: 493
out: 490
out: 500
out: 495
out: 498
out: 502
out: 505
out: 508
out: 506
out: 506
out: 507
out: 507
out: 504
out: 505
out: 506
out: 508
out: 509
out: 512
out: 506
out: 507
out: 510
out: 514
out: 509
out: 513
out: 510
out: 509
out: 505
out: 505
out: 503
out: 501
out: 505
out: 503
out: 506
out: 501
out: 505
out: 485
out: 502
out: 490
out: 493
out: 503
out: 505
out: 500
out: 503
out: 501
out: 497
out: 493
out: 498
out: 494
out: 496
out: 497
out: 498
out: 499
out: 499
out: 492
out: 495
out: 497
out: 493
out: 498
out: 500
out: 503
out: 500
out: 506
out: 504
out: 510
out: 498
out: 499
out: 499
out: 499
out: 499
out: 499
out: 498
out: 499
out: 499
out: 496
out: 498
out: 500
out: 499
out: 508
out: 503
out: 499
out: 500
out: 504
out: 506
out: 507
out: 505
out: 506
out: 499
out: 510
out: 503
out: 502
out: 498
out: 505
out: 501
out: 509
out: 501
out: 497
out: 507
out: 500
out: 502
out: 497
out: 497
out: 497
out: 500
out: 496
out: 504
out: 496
out: 505
out: 506
out: 504
out: 505
out: 506
out: 507
out: 505
out: 499
out: 506
out: 498
out: 503
out: 497
out: 504
out: 497
out: 507
out: 507
out: 504
out: 507
out: 508
out: 509
out: 512
out: 505
out: 516
out: 505
out: 503
out: 506
out: 497
out: 507
out: 498
out: 506
out: 502
out: 513
out: 501
out: 500
out: 507
out: 499
out: 497
out: 501
out: 506
out: 505
out: 506
out: 502
out: 502
out: 508
out: 509
out: 507
out: 511
out: 501
out: 507
out: 508
out: 509
out: 508
out: 514
out: 519
out: 515
out: 517
out: 518
out: 515
out: 521
out: 520
out: 517
out: 519
out: 517
out: 517
out: 516
out: 511
out: 513
out: 508
out: 517
out: 513
out: 512
out: 521
out: 516
out: 520
out: 513
out: 516
out: 520
out: 520
out: 508
out: 509
out: 510
out: 514
out: 515
out: 518
out: 526
out: 516
out: 516
out: 518
out: 516
out: 515
out: 516
out: 517
out: 518
out: 515
out: 509
out: 527
out: 517
out: 515
out: 515
out: 499
out: 501
out: 509
out: 506
out: 508
out: 510
out: 513
out: 522
out: 521
out: 520
out: 520